digraph {
	9616
	9616 -> 5944
	5944
	5944 -> 4617
	4617
	4617 -> 492
	492
	492 -> 193
	193
	193 -> 131
	131
	131 -> 6
	6
	6 -> 102
	102
	102 -> 16
	16
	16 -> 71
	71
	71 -> 23
	23
	23 -> 17
	17
	23 -> 48
	48
	48 -> 47
	47
	48 -> 62
	62
	62 -> 48
	48
	71 -> 96
	96
	96 -> 80
	80
	80 -> 87
	87
	102 -> 106
	106
	131 -> 169
	169
	169 -> 158
	158
	169 -> 189
	189
	189 -> 191
	191
	193 -> 468
	468
	468 -> 239
	239
	239 -> 212
	212
	212 -> 220
	220
	220 -> 232
	232
	232 -> 222
	222
	239 -> 281
	281
	281 -> 240
	240
	240 -> 239
	239
	240 -> 253
	253
	253 -> 251
	251
	253 -> 278
	278
	278 -> 253
	253
	253 -> 271
	271
	271 -> 259
	259
	281 -> 332
	332
	332 -> 324
	324
	324 -> 289
	289
	289 -> 282
	282
	289 -> 297
	297
	297 -> 313
	313
	324 -> 329
	329
	332 -> 374
	374
	374 -> 336
	336
	336 -> 363
	363
	363 -> 361
	361
	361 -> 342
	342
	374 -> 404
	404
	404 -> 388
	388
	388 -> 402
	402
	404 -> 452
	452
	452 -> 432
	432
	432 -> 428
	428
	428 -> 416
	416
	416 -> 410
	410
	416 -> 425
	425
	425 -> 422
	422
	432 -> 446
	446
	446 -> 449
	449
	468 -> 480
	480
	480 -> 479
	479
	479 -> 474
	474
	474 -> 468
	468
	480 -> 487
	487
	492 -> 4315
	4315
	4315 -> 2779
	2779
	2779 -> 712
	712
	712 -> 614
	614
	614 -> 545
	545
	545 -> 531
	531
	531 -> 518
	518
	545 -> 590
	590
	590 -> 570
	570
	570 -> 561
	561
	570 -> 582
	582
	582 -> 587
	587
	590 -> 610
	610
	614 -> 674
	674
	674 -> 642
	642
	642 -> 636
	636
	636 -> 615
	615
	674 -> 678
	678
	712 -> 2370
	2370
	2370 -> 1913
	1913
	1913 -> 1858
	1858
	1858 -> 1408
	1408
	1408 -> 1245
	1245
	1245 -> 1026
	1026
	1026 -> 721
	721
	721 -> 944
	944
	944 -> 758
	758
	758 -> 741
	741
	741 -> 736
	736
	736 -> 725
	725
	758 -> 860
	860
	860 -> 804
	804
	804 -> 771
	771
	771 -> 759
	759
	759 -> 760
	760
	771 -> 798
	798
	798 -> 783
	783
	804 -> 858
	858
	858 -> 849
	849
	860 -> 878
	878
	878 -> 860
	860
	860 -> 875
	875
	878 -> 916
	916
	916 -> 878
	878
	916 -> 941
	941
	941 -> 928
	928
	944 -> 992
	992
	992 -> 978
	978
	978 -> 972
	972
	972 -> 961
	961
	978 -> 981
	981
	992 -> 995
	995
	995 -> 995
	995
	995 -> 1004
	1004
	1026 -> 1236
	1236
	1236 -> 1069
	1069
	1069 -> 1035
	1035
	1035 -> 1033
	1033
	1035 -> 1051
	1051
	1069 -> 1076
	1076
	1076 -> 1070
	1070
	1076 -> 1078
	1078
	1078 -> 1076
	1076
	1078 -> 1159
	1159
	1159 -> 1127
	1127
	1127 -> 1124
	1124
	1124 -> 1079
	1079
	1079 -> 1107
	1107
	1127 -> 1140
	1140
	1140 -> 1151
	1151
	1151 -> 1144
	1144
	1159 -> 1176
	1176
	1176 -> 1172
	1172
	1176 -> 1235
	1235
	1245 -> 1289
	1289
	1289 -> 1271
	1271
	1271 -> 1251
	1251
	1251 -> 1247
	1247
	1247 -> 1249
	1249
	1251 -> 1255
	1255
	1255 -> 1268
	1268
	1271 -> 1273
	1273
	1273 -> 1281
	1281
	1289 -> 1389
	1389
	1389 -> 1403
	1403
	1403 -> 1404
	1404
	1408 -> 1850
	1850
	1850 -> 1749
	1749
	1749 -> 1476
	1476
	1476 -> 1467
	1467
	1467 -> 1458
	1458
	1476 -> 1569
	1569
	1569 -> 1566
	1566
	1566 -> 1498
	1498
	1498 -> 1482
	1482
	1498 -> 1538
	1538
	1538 -> 1507
	1507
	1507 -> 1523
	1523
	1523 -> 1508
	1508
	1538 -> 1548
	1548
	1569 -> 1670
	1670
	1670 -> 1609
	1609
	1609 -> 1570
	1570
	1570 -> 1588
	1588
	1609 -> 1657
	1657
	1657 -> 1633
	1633
	1633 -> 1622
	1622
	1633 -> 1649
	1649
	1649 -> 1634
	1634
	1670 -> 1716
	1716
	1716 -> 1701
	1701
	1701 -> 1685
	1685
	1685 -> 1680
	1680
	1685 -> 1694
	1694
	1701 -> 1705
	1705
	1705 -> 1701
	1701
	1705 -> 1712
	1712
	1716 -> 1725
	1725
	1725 -> 1721
	1721
	1721 -> 1720
	1720
	1725 -> 1728
	1728
	1749 -> 1791
	1791
	1791 -> 1753
	1753
	1753 -> 1751
	1751
	1753 -> 1773
	1773
	1773 -> 1768
	1768
	1773 -> 1775
	1775
	1791 -> 1793
	1793
	1793 -> 1811
	1811
	1811 -> 1828
	1828
	1828 -> 1844
	1844
	1850 -> 1857
	1857
	1858 -> 1881
	1881
	1881 -> 1861
	1861
	1861 -> 1862
	1862
	1862 -> 1862
	1862
	1862 -> 1873
	1873
	1913 -> 2279
	2279
	2279 -> 2278
	2278
	2278 -> 2088
	2088
	2088 -> 1977
	1977
	1977 -> 1922
	1922
	1922 -> 1925
	1925
	1925 -> 1963
	1963
	1977 -> 2063
	2063
	2063 -> 2033
	2033
	2033 -> 2022
	2022
	2022 -> 1989
	1989
	2022 -> 2026
	2026
	2026 -> 2031
	2031
	2033 -> 2041
	2041
	2041 -> 2056
	2056
	2063 -> 2077
	2077
	2077 -> 2066
	2066
	2066 -> 2072
	2072
	2088 -> 2152
	2152
	2152 -> 2151
	2151
	2151 -> 2092
	2092
	2092 -> 2088
	2088
	2092 -> 2148
	2148
	2151 -> 2151
	2151
	2152 -> 2245
	2245
	2245 -> 2204
	2204
	2204 -> 2177
	2177
	2177 -> 2165
	2165
	2165 -> 2166
	2166
	2204 -> 2233
	2233
	2245 -> 2253
	2253
	2253 -> 2273
	2273
	2279 -> 2333
	2333
	2333 -> 2318
	2318
	2333 -> 2350
	2350
	2350 -> 2348
	2348
	2350 -> 2357
	2357
	2370 -> 2408
	2408
	2408 -> 2383
	2383
	2383 -> 2380
	2380
	2383 -> 2383
	2383
	2383 -> 2402
	2402
	2402 -> 2387
	2387
	2408 -> 2630
	2630
	2630 -> 2469
	2469
	2469 -> 2452
	2452
	2452 -> 2446
	2446
	2446 -> 2418
	2418
	2452 -> 2454
	2454
	2469 -> 2562
	2562
	2562 -> 2538
	2538
	2538 -> 2512
	2512
	2512 -> 2469
	2469
	2469 -> 2482
	2482
	2512 -> 2514
	2514
	2538 -> 2543
	2543
	2562 -> 2623
	2623
	2623 -> 2590
	2590
	2590 -> 2608
	2608
	2630 -> 2654
	2654
	2654 -> 2649
	2649
	2654 -> 2728
	2728
	2728 -> 2701
	2701
	2701 -> 2683
	2683
	2701 -> 2726
	2726
	2728 -> 2751
	2751
	2779 -> 3261
	3261
	3261 -> 3191
	3191
	3191 -> 3054
	3054
	3054 -> 3053
	3053
	3053 -> 3017
	3017
	3017 -> 2795
	2795
	2795 -> 2787
	2787
	2787 -> 2791
	2791
	2795 -> 2961
	2961
	2961 -> 2951
	2951
	2951 -> 2890
	2890
	2890 -> 2811
	2811
	2811 -> 2798
	2798
	2811 -> 2856
	2856
	2856 -> 2836
	2836
	2856 -> 2858
	2858
	2858 -> 2885
	2885
	2885 -> 2876
	2876
	2876 -> 2873
	2873
	2876 -> 2877
	2877
	2951 -> 2960
	2960
	2961 -> 2972
	2972
	2972 -> 3005
	3005
	3017 -> 3022
	3022
	3022 -> 3046
	3046
	3054 -> 3065
	3065
	3065 -> 3056
	3056
	3056 -> 3056
	3056
	3065 -> 3067
	3067
	3067 -> 3166
	3166
	3166 -> 3101
	3101
	3101 -> 3083
	3083
	3083 -> 3074
	3074
	3074 -> 3082
	3082
	3101 -> 3142
	3142
	3142 -> 3123
	3123
	3123 -> 3103
	3103
	3103 -> 3101
	3101
	3123 -> 3141
	3141
	3141 -> 3123
	3123
	3142 -> 3152
	3152
	3166 -> 3167
	3167
	3167 -> 3185
	3185
	3185 -> 3177
	3177
	3191 -> 3231
	3231
	3231 -> 3224
	3224
	3224 -> 3201
	3201
	3231 -> 3236
	3236
	3236 -> 3252
	3252
	3252 -> 3256
	3256
	3256 -> 3257
	3257
	3261 -> 3294
	3294
	3294 -> 3285
	3285
	3285 -> 3263
	3263
	3263 -> 3280
	3280
	3294 -> 3740
	3740
	3740 -> 3597
	3597
	3597 -> 3413
	3413
	3413 -> 3334
	3334
	3334 -> 3315
	3315
	3315 -> 3320
	3320
	3334 -> 3349
	3349
	3349 -> 3339
	3339
	3349 -> 3401
	3401
	3401 -> 3394
	3394
	3394 -> 3388
	3388
	3388 -> 3373
	3373
	3413 -> 3484
	3484
	3484 -> 3471
	3471
	3471 -> 3469
	3469
	3469 -> 3456
	3456
	3471 -> 3476
	3476
	3484 -> 3529
	3529
	3529 -> 3505
	3505
	3505 -> 3519
	3519
	3519 -> 3512
	3512
	3519 -> 3524
	3524
	3529 -> 3543
	3543
	3543 -> 3540
	3540
	3540 -> 3531
	3531
	3543 -> 3580
	3580
	3580 -> 3573
	3573
	3597 -> 3627
	3627
	3627 -> 3609
	3609
	3609 -> 3598
	3598
	3598 -> 3601
	3601
	3609 -> 3626
	3626
	3626 -> 3612
	3612
	3627 -> 3681
	3681
	3681 -> 3672
	3672
	3672 -> 3664
	3664
	3664 -> 3652
	3652
	3652 -> 3661
	3661
	3661 -> 3660
	3660
	3672 -> 3672
	3672
	3681 -> 3727
	3727
	3727 -> 3713
	3713
	3740 -> 3849
	3849
	3849 -> 3829
	3829
	3829 -> 3758
	3758
	3758 -> 3741
	3741
	3741 -> 3742
	3742
	3742 -> 3746
	3746
	3758 -> 3811
	3811
	3811 -> 3801
	3801
	3801 -> 3766
	3766
	3801 -> 3806
	3806
	3829 -> 3830
	3830
	3849 -> 4270
	4270
	4270 -> 4073
	4073
	4073 -> 4031
	4031
	4031 -> 3999
	3999
	3999 -> 3946
	3946
	3946 -> 3936
	3936
	3936 -> 3913
	3913
	3913 -> 3854
	3854
	3854 -> 3912
	3912
	3912 -> 3901
	3901
	3901 -> 3888
	3888
	3888 -> 3881
	3881
	3881 -> 3858
	3858
	3881 -> 3884
	3884
	3912 -> 3912
	3912
	3913 -> 3929
	3929
	3936 -> 3945
	3945
	3945 -> 3944
	3944
	3944 -> 3941
	3941
	3946 -> 3988
	3988
	3988 -> 3978
	3978
	3978 -> 3983
	3983
	3988 -> 3998
	3998
	3999 -> 4000
	4000
	4000 -> 4016
	4016
	4016 -> 4007
	4007
	4016 -> 4029
	4029
	4031 -> 4046
	4046
	4046 -> 4070
	4070
	4070 -> 4052
	4052
	4073 -> 4127
	4127
	4127 -> 4113
	4113
	4113 -> 4073
	4073
	4073 -> 4104
	4104
	4113 -> 4126
	4126
	4127 -> 4240
	4240
	4240 -> 4200
	4200
	4240 -> 4240
	4240
	4240 -> 4247
	4247
	4270 -> 4312
	4312
	4312 -> 4277
	4277
	4277 -> 4276
	4276
	4277 -> 4288
	4288
	4288 -> 4283
	4283
	4288 -> 4304
	4304
	4315 -> 4357
	4357
	4357 -> 4398
	4398
	4398 -> 4361
	4361
	4398 -> 4437
	4437
	4437 -> 4415
	4415
	4437 -> 4495
	4495
	4495 -> 4470
	4470
	4495 -> 4572
	4572
	4572 -> 4556
	4556
	4556 -> 4499
	4499
	4499 -> 4505
	4505
	4556 -> 4560
	4560
	4572 -> 4596
	4596
	4596 -> 4574
	4574
	4596 -> 4611
	4611
	4617 -> 5515
	5515
	5515 -> 4877
	4877
	4877 -> 4711
	4711
	4711 -> 4710
	4710
	4710 -> 4672
	4672
	4672 -> 4628
	4628
	4628 -> 4617
	4617
	4628 -> 4633
	4633
	4633 -> 4652
	4652
	4652 -> 4642
	4642
	4652 -> 4666
	4666
	4672 -> 4704
	4704
	4704 -> 4698
	4698
	4698 -> 4674
	4674
	4674 -> 4685
	4685
	4711 -> 4864
	4864
	4864 -> 4789
	4789
	4789 -> 4788
	4788
	4788 -> 4766
	4766
	4766 -> 4754
	4754
	4754 -> 4733
	4733
	4733 -> 4740
	4740
	4766 -> 4786
	4786
	4789 -> 4833
	4833
	4833 -> 4831
	4831
	4831 -> 4824
	4824
	4824 -> 4805
	4805
	4833 -> 4863
	4863
	4863 -> 4834
	4834
	4834 -> 4849
	4849
	4849 -> 4841
	4841
	4864 -> 4871
	4871
	4871 -> 4874
	4874
	4877 -> 4955
	4955
	4955 -> 4939
	4939
	4955 -> 5260
	5260
	5260 -> 5082
	5082
	5082 -> 5018
	5018
	5018 -> 4995
	4995
	4995 -> 4994
	4994
	4994 -> 4991
	4991
	4991 -> 4990
	4990
	4990 -> 4971
	4971
	4971 -> 4988
	4988
	4990 -> 4990
	4990
	5018 -> 5069
	5069
	5069 -> 5043
	5043
	5043 -> 5033
	5033
	5033 -> 5040
	5040
	5043 -> 5052
	5052
	5082 -> 5134
	5134
	5134 -> 5123
	5123
	5123 -> 5129
	5129
	5134 -> 5136
	5136
	5136 -> 5182
	5182
	5182 -> 5148
	5148
	5148 -> 5142
	5142
	5182 -> 5249
	5249
	5249 -> 5184
	5184
	5184 -> 5185
	5185
	5185 -> 5200
	5200
	5260 -> 5449
	5449
	5449 -> 5339
	5339
	5339 -> 5317
	5317
	5317 -> 5262
	5262
	5262 -> 5287
	5287
	5287 -> 5278
	5278
	5278 -> 5283
	5283
	5287 -> 5309
	5309
	5309 -> 5304
	5304
	5304 -> 5298
	5298
	5298 -> 5290
	5290
	5298 -> 5298
	5298
	5309 -> 5313
	5313
	5313 -> 5311
	5311
	5317 -> 5337
	5337
	5339 -> 5398
	5398
	5398 -> 5353
	5353
	5353 -> 5352
	5352
	5352 -> 5344
	5344
	5353 -> 5357
	5357
	5357 -> 5354
	5354
	5357 -> 5393
	5393
	5393 -> 5385
	5385
	5398 -> 5412
	5412
	5412 -> 5428
	5428
	5428 -> 5424
	5424
	5424 -> 5422
	5422
	5424 -> 5425
	5425
	5428 -> 5443
	5443
	5443 -> 5441
	5441
	5443 -> 5444
	5444
	5449 -> 5492
	5492
	5492 -> 5489
	5489
	5489 -> 5459
	5459
	5459 -> 5461
	5461
	5515 -> 5727
	5727
	5727 -> 5703
	5703
	5703 -> 5681
	5681
	5681 -> 5566
	5566
	5566 -> 5536
	5536
	5536 -> 5517
	5517
	5536 -> 5560
	5560
	5560 -> 5554
	5554
	5554 -> 5554
	5554
	5560 -> 5561
	5561
	5566 -> 5631
	5631
	5631 -> 5568
	5568
	5568 -> 5629
	5629
	5629 -> 5600
	5600
	5600 -> 5598
	5598
	5598 -> 5588
	5588
	5600 -> 5621
	5621
	5631 -> 5640
	5640
	5640 -> 5632
	5632
	5640 -> 5644
	5644
	5644 -> 5664
	5664
	5664 -> 5656
	5656
	5681 -> 5682
	5682
	5682 -> 5690
	5690
	5703 -> 5720
	5720
	5720 -> 5712
	5712
	5720 -> 5725
	5725
	5727 -> 5737
	5737
	5737 -> 5730
	5730
	5737 -> 5845
	5845
	5845 -> 5758
	5758
	5758 -> 5749
	5749
	5758 -> 5797
	5797
	5797 -> 5777
	5777
	5845 -> 5933
	5933
	5933 -> 5864
	5864
	5864 -> 5887
	5887
	5887 -> 5890
	5890
	5890 -> 5932
	5932
	5944 -> 8391
	8391
	8391 -> 7773
	7773
	7773 -> 6857
	6857
	6857 -> 5976
	5976
	5976 -> 5963
	5963
	5963 -> 5960
	5960
	5960 -> 5944
	5944
	5944 -> 5946
	5946
	5946 -> 5955
	5955
	5960 -> 5962
	5962
	5963 -> 5964
	5964
	5964 -> 5963
	5963
	5964 -> 5971
	5971
	5976 -> 6261
	6261
	6261 -> 6158
	6158
	6158 -> 6053
	6053
	6053 -> 6044
	6044
	6044 -> 5995
	5995
	5995 -> 5994
	5994
	5994 -> 5992
	5992
	5995 -> 6007
	6007
	6007 -> 6035
	6035
	6035 -> 6032
	6032
	6032 -> 6030
	6030
	6044 -> 6048
	6048
	6053 -> 6060
	6060
	6060 -> 6056
	6056
	6060 -> 6114
	6114
	6114 -> 6066
	6066
	6066 -> 6062
	6062
	6066 -> 6091
	6091
	6091 -> 6067
	6067
	6067 -> 6069
	6069
	6069 -> 6070
	6070
	6070 -> 6079
	6079
	6079 -> 6071
	6071
	6079 -> 6089
	6089
	6091 -> 6102
	6102
	6114 -> 6143
	6143
	6143 -> 6120
	6120
	6120 -> 6128
	6128
	6143 -> 6143
	6143
	6143 -> 6154
	6154
	6158 -> 6239
	6239
	6239 -> 6201
	6201
	6201 -> 6200
	6200
	6200 -> 6182
	6182
	6201 -> 6210
	6210
	6210 -> 6202
	6202
	6210 -> 6212
	6212
	6212 -> 6236
	6236
	6239 -> 6249
	6249
	6249 -> 6251
	6251
	6261 -> 6589
	6589
	6589 -> 6516
	6516
	6516 -> 6393
	6393
	6393 -> 6316
	6316
	6316 -> 6305
	6305
	6316 -> 6324
	6324
	6324 -> 6322
	6322
	6324 -> 6338
	6338
	6338 -> 6362
	6362
	6362 -> 6354
	6354
	6393 -> 6463
	6463
	6463 -> 6408
	6408
	6408 -> 6426
	6426
	6426 -> 6454
	6454
	6454 -> 6435
	6435
	6463 -> 6467
	6467
	6467 -> 6465
	6465
	6467 -> 6492
	6492
	6516 -> 6520
	6520
	6520 -> 6562
	6562
	6562 -> 6538
	6538
	6562 -> 6571
	6571
	6571 -> 6575
	6575
	6589 -> 6643
	6643
	6643 -> 6596
	6596
	6596 -> 6595
	6595
	6596 -> 6627
	6627
	6627 -> 6614
	6614
	6627 -> 6642
	6642
	6642 -> 6634
	6634
	6642 -> 6642
	6642
	6643 -> 6748
	6748
	6748 -> 6739
	6739
	6739 -> 6666
	6666
	6666 -> 6665
	6665
	6666 -> 6691
	6691
	6691 -> 6671
	6671
	6691 -> 6697
	6697
	6697 -> 6734
	6734
	6739 -> 6744
	6744
	6748 -> 6774
	6774
	6774 -> 6754
	6754
	6754 -> 6750
	6750
	6754 -> 6766
	6766
	6766 -> 6765
	6765
	6774 -> 6780
	6780
	6780 -> 6824
	6824
	6824 -> 6832
	6832
	6832 -> 6855
	6855
	6857 -> 7335
	7335
	7335 -> 7014
	7014
	7014 -> 6887
	6887
	6887 -> 6881
	6881
	6881 -> 6876
	6876
	6876 -> 6865
	6865
	6876 -> 6878
	6878
	6887 -> 6913
	6913
	6913 -> 6922
	6922
	6922 -> 6914
	6914
	6914 -> 6915
	6915
	6922 -> 6934
	6934
	6934 -> 6929
	6929
	6929 -> 6923
	6923
	6934 -> 6960
	6960
	6960 -> 6951
	6951
	6960 -> 6976
	6976
	7014 -> 7025
	7025
	7025 -> 7019
	7019
	7025 -> 7029
	7029
	7029 -> 7252
	7252
	7252 -> 7222
	7222
	7222 -> 7201
	7201
	7201 -> 7076
	7076
	7076 -> 7065
	7065
	7065 -> 7049
	7049
	7065 -> 7067
	7067
	7067 -> 7068
	7068
	7076 -> 7131
	7131
	7131 -> 7124
	7124
	7131 -> 7190
	7190
	7190 -> 7154
	7154
	7154 -> 7189
	7189
	7201 -> 7205
	7205
	7205 -> 7212
	7212
	7222 -> 7229
	7229
	7229 -> 7224
	7224
	7229 -> 7246
	7246
	7246 -> 7235
	7235
	7252 -> 7302
	7302
	7302 -> 7287
	7287
	7287 -> 7274
	7274
	7287 -> 7297
	7297
	7302 -> 7314
	7314
	7335 -> 7652
	7652
	7652 -> 7355
	7355
	7355 -> 7351
	7351
	7355 -> 7388
	7388
	7388 -> 7377
	7377
	7377 -> 7371
	7371
	7388 -> 7462
	7462
	7462 -> 7424
	7424
	7424 -> 7402
	7402
	7424 -> 7430
	7430
	7430 -> 7426
	7426
	7430 -> 7452
	7452
	7452 -> 7442
	7442
	7462 -> 7607
	7607
	7607 -> 7579
	7579
	7579 -> 7493
	7493
	7493 -> 7489
	7489
	7489 -> 7479
	7479
	7479 -> 7466
	7466
	7466 -> 7462
	7462
	7493 -> 7505
	7505
	7505 -> 7495
	7495
	7505 -> 7538
	7538
	7538 -> 7576
	7576
	7576 -> 7563
	7563
	7579 -> 7599
	7599
	7607 -> 7647
	7647
	7647 -> 7620
	7620
	7647 -> 7650
	7650
	7652 -> 7711
	7711
	7711 -> 7678
	7678
	7678 -> 7677
	7677
	7677 -> 7674
	7674
	7678 -> 7679
	7679
	7679 -> 7691
	7691
	7691 -> 7699
	7699
	7711 -> 7769
	7769
	7769 -> 7747
	7747
	7747 -> 7745
	7745
	7745 -> 7712
	7712
	7712 -> 7739
	7739
	7747 -> 7765
	7765
	7773 -> 7821
	7821
	7821 -> 7818
	7818
	7818 -> 7810
	7810
	7810 -> 7795
	7795
	7795 -> 7787
	7787
	7787 -> 7790
	7790
	7821 -> 8378
	8378
	8378 -> 8230
	8230
	8230 -> 7922
	7922
	7922 -> 7823
	7823
	7823 -> 7895
	7895
	7895 -> 7824
	7824
	7824 -> 7847
	7847
	7847 -> 7868
	7868
	7868 -> 7861
	7861
	7868 -> 7888
	7888
	7888 -> 7870
	7870
	7870 -> 7870
	7870
	7870 -> 7872
	7872
	7872 -> 7883
	7883
	7883 -> 7880
	7880
	7895 -> 7910
	7910
	7910 -> 7908
	7908
	7908 -> 7896
	7896
	7910 -> 7921
	7921
	7922 -> 7996
	7996
	7996 -> 7981
	7981
	7981 -> 7949
	7949
	7949 -> 7933
	7933
	7949 -> 7967
	7967
	7981 -> 7983
	7983
	7983 -> 7981
	7981
	7983 -> 7993
	7993
	7996 -> 8138
	8138
	8138 -> 8074
	8074
	8074 -> 7999
	7999
	7999 -> 8040
	8040
	8040 -> 8026
	8026
	8026 -> 8026
	8026
	8026 -> 8027
	8027
	8040 -> 8046
	8046
	8074 -> 8133
	8133
	8133 -> 8074
	8074
	8074 -> 8086
	8086
	8086 -> 8087
	8087
	8087 -> 8107
	8107
	8138 -> 8172
	8172
	8172 -> 8159
	8159
	8159 -> 8148
	8148
	8148 -> 8153
	8153
	8159 -> 8170
	8170
	8172 -> 8199
	8199
	8199 -> 8177
	8177
	8177 -> 8194
	8194
	8194 -> 8198
	8198
	8199 -> 8226
	8226
	8230 -> 8349
	8349
	8349 -> 8265
	8265
	8265 -> 8230
	8230
	8230 -> 8251
	8251
	8251 -> 8233
	8233
	8265 -> 8337
	8337
	8337 -> 8329
	8329
	8329 -> 8328
	8328
	8328 -> 8274
	8274
	8274 -> 8282
	8282
	8282 -> 8277
	8277
	8282 -> 8326
	8326
	8329 -> 8329
	8329
	8349 -> 8370
	8370
	8370 -> 8352
	8352
	8370 -> 8376
	8376
	8378 -> 8387
	8387
	8391 -> 9435
	9435
	9435 -> 8536
	8536
	8536 -> 8469
	8469
	8469 -> 8427
	8427
	8427 -> 8417
	8417
	8417 -> 8414
	8414
	8427 -> 8438
	8438
	8438 -> 8427
	8427
	8438 -> 8465
	8465
	8469 -> 8497
	8497
	8497 -> 8479
	8479
	8497 -> 8509
	8509
	8509 -> 8519
	8519
	8536 -> 9234
	9234
	9234 -> 9048
	9048
	9048 -> 8605
	8605
	8605 -> 8576
	8576
	8576 -> 8543
	8543
	8543 -> 8548
	8548
	8548 -> 8558
	8558
	8558 -> 8556
	8556
	8558 -> 8559
	8559
	8576 -> 8591
	8591
	8591 -> 8582
	8582
	8591 -> 8597
	8597
	8597 -> 8594
	8594
	8605 -> 8642
	8642
	8642 -> 8610
	8610
	8610 -> 8609
	8609
	8609 -> 8608
	8608
	8610 -> 8624
	8624
	8624 -> 8616
	8616
	8624 -> 8628
	8628
	8642 -> 8849
	8849
	8849 -> 8784
	8784
	8784 -> 8677
	8677
	8677 -> 8666
	8666
	8666 -> 8664
	8664
	8664 -> 8660
	8660
	8677 -> 8775
	8775
	8775 -> 8700
	8700
	8700 -> 8692
	8692
	8700 -> 8741
	8741
	8741 -> 8708
	8708
	8708 -> 8707
	8707
	8708 -> 8709
	8709
	8775 -> 8778
	8778
	8784 -> 8786
	8786
	8786 -> 8814
	8814
	8814 -> 8798
	8798
	8798 -> 8807
	8807
	8807 -> 8803
	8803
	8814 -> 8842
	8842
	8842 -> 8840
	8840
	8840 -> 8814
	8814
	8842 -> 8848
	8848
	8849 -> 8935
	8935
	8935 -> 8923
	8923
	8923 -> 8904
	8904
	8904 -> 8885
	8885
	8885 -> 8865
	8865
	8935 -> 9018
	9018
	9018 -> 8935
	8935
	8935 -> 8953
	8953
	8953 -> 9008
	9008
	9008 -> 9016
	9016
	9018 -> 9040
	9040
	9040 -> 9033
	9033
	9040 -> 9047
	9047
	9048 -> 9137
	9137
	9137 -> 9086
	9086
	9086 -> 9057
	9057
	9057 -> 9075
	9075
	9075 -> 9058
	9058
	9075 -> 9080
	9080
	9086 -> 9092
	9092
	9092 -> 9086
	9086
	9092 -> 9112
	9112
	9112 -> 9095
	9095
	9095 -> 9103
	9103
	9137 -> 9206
	9206
	9206 -> 9198
	9198
	9198 -> 9139
	9139
	9139 -> 9149
	9149
	9149 -> 9178
	9178
	9178 -> 9192
	9192
	9206 -> 9210
	9210
	9210 -> 9209
	9209
	9210 -> 9225
	9225
	9234 -> 9337
	9337
	9337 -> 9254
	9254
	9254 -> 9250
	9250
	9250 -> 9247
	9247
	9254 -> 9320
	9320
	9320 -> 9263
	9263
	9263 -> 9280
	9280
	9280 -> 9266
	9266
	9280 -> 9315
	9315
	9315 -> 9316
	9316
	9320 -> 9331
	9331
	9337 -> 9390
	9390
	9390 -> 9344
	9344
	9344 -> 9341
	9341
	9344 -> 9368
	9368
	9368 -> 9367
	9367
	9390 -> 9400
	9400
	9400 -> 9398
	9398
	9400 -> 9433
	9433
	9433 -> 9428
	9428
	9435 -> 9461
	9461
	9461 -> 9443
	9443
	9443 -> 9442
	9442
	9443 -> 9451
	9451
	9461 -> 9557
	9557
	9557 -> 9507
	9507
	9507 -> 9461
	9461
	9461 -> 9487
	9487
	9487 -> 9465
	9465
	9465 -> 9484
	9484
	9487 -> 9487
	9487
	9507 -> 9531
	9531
	9531 -> 9527
	9527
	9531 -> 9539
	9539
	9557 -> 9608
	9608
	9608 -> 9563
	9563
	9563 -> 9566
	9566
	9566 -> 9604
	9604
	9608 -> 9608
	9608
	9616 -> 9738
	9738
	9738 -> 9639
	9639
	9639 -> 9631
	9631
	9639 -> 9643
	9643
	9643 -> 9730
	9730
	9730 -> 9727
	9727
	9727 -> 9715
	9715
	9715 -> 9663
	9663
	9663 -> 9644
	9644
	9663 -> 9670
	9670
	9670 -> 9676
	9676
	9715 -> 9720
	9720
	9720 -> 9716
	9716
	9720 -> 9726
	9726
	9726 -> 9724
	9724
	9730 -> 9731
	9731
	9738 -> 9816
	9816
	9816 -> 9754
	9754
	9754 -> 9747
	9747
	9754 -> 9813
	9813
	9813 -> 9799
	9799
	9799 -> 9774
	9774
	9816 -> 9904
	9904
	9904 -> 9872
	9872
	9872 -> 9869
	9869
	9869 -> 9817
	9817
	9817 -> 9818
	9818
	9818 -> 9832
	9832
	9832 -> 9863
	9863
	9872 -> 9884
	9884
	9884 -> 9899
	9899
	9904 -> 9978
	9978
	9978 -> 9944
	9944
	9944 -> 9922
	9922
	9922 -> 9914
	9914
	9944 -> 9953
	9953
	9978 -> 9995
	9995
}
